27.684 1.6499999999999986
36.5584 0.9573999999999998
86.5584 0.8275000000000006
93.1385 1.0006999999999948
95.1299 1.1738
134.5238 0.6975999999999942
135.5628 1.0006999999999948
140.2381 1.4336000000000126
169.2424 1.2604000000000042
240.1515 0.8274999999999864
254.0476 1.087299999999999
280.2381 0.8274999999999864
304.9134 0.914100000000019
309.8918 1.2604000000000042
339.026 0.9574000000000069
346.3853 1.1737999999999715
355.0866 1.1304999999999836
368.0736 1.0006999999999948
378.8095 1.6499999999999773
386.7749 1.2171000000000163
427.987 1.0873000000000275
436.7749 1.303699999999992
552.4892 1.0873000000000275
591.3636 1.4335999999999558
663.3117 1.2604000000000042
683.6147 1.0439999999999827
702.7056 1.4335999999999558
782.4026 1.2170999999999594
816.1688 1.4335999999999558
906.6017 1.0007000000000517
920.368 1.2170999999999594
971.6667 1.34699999999998
977.3377 1.2604000000000042
979.329 1.0439999999999827
982.57 1.2660999999999376
1032.6623 0.8275000000001
1101.1472 0.9140999999999622
1112.1861 1.2603999999998905
1134.5671 1.650000000000091
1170.671 1.3903000000000247
1214.0043 1.4768999999998869
1228.3333 1.3036999999999352
1445.3896 0.9140999999999622
1451.5368 0.8275000000001
1693.2684 0.9574000000000069
