2.21 0.6600000000000001
22.59 0.6799999999999997
27.06 0.9600000000000009
32.96 0.46000000000000085
322.1861 0.9574000000000069
331.2771 1.303699999999992
339.7619 0.9574000000000069
358.8528 0.9574000000000069
386.7316 1.303699999999992
415.4329 1.4336000000000126
422.9654 1.0006999999999948
450.6277 1.4336000000000126
469.0693 1.0439999999999827
489.9784 1.303699999999992
511.4069 1.390299999999968
530.5411 1.1738000000000284
541.1472 1.2604000000000042
556.2121 1.4335999999999558
574.7403 1.6499999999999773
613.1818 1.4335999999999558
624.9134 1.2170999999999594
645.3896 0.9574000000000069
653.1818 1.6067000000000462
679.5887 1.3903000000000247
687.9437 1.3903000000000247
697.7273 1.8664999999999736
712.5758 1.6499999999999773
733.7446 1.2604000000000042
737.0779 1.2604000000000042
765.9957 1.34699999999998
772.4892 1.6499999999999773
790.8874 1.0439999999999827
804.8701 0.8708000000000311
806.039 1.0439999999999827
812.2727 1.4769000000000005
828.7229 1.5634000000000015
837.2511 1.3903000000000247
845.8658 1.303700000000049
887.987 1.5202000000000453
909.329 0.7842000000000553
921.3203 1.0873000000000275
939.8485 1.2604000000000042
941.6234 1.2604000000000042
946.1688 1.34699999999998
998.5931 1.8232000000000426
1006.039 1.1738000000000284
1034.7835 1.6932999999999083
1068.2468 1.3036999999999352
1094.5238 0.9140999999999622
1098.4632 1.5201999999999316
1140.7143 1.0440000000000964
1170.4113 1.4336000000000695
1180.368 1.0440000000000964
1218.6364 1.6067000000000462
1230.3247 1.4768999999998869
1234.5671 1.650000000000091
1252.316 1.5634000000000015
1263.8745 1.4336000000000695
1277.987 1.2171000000000731
1283.1818 1.0872999999999138
1301.3636 2.2264000000000124
1314.9567 1.34699999999998
1337.2511 1.4336000000000695
1355.7792 1.4336000000000695
1358.6797 1.650000000000091
1375.5195 1.650000000000091
1391.4935 1.2603999999998905
1441.1039 1.0872999999999138
1479.7186 1.2171000000000731
1509.7619 1.3036999999999352
1522.6623 1.3036999999999352
1525.303 1.1738000000000284
1548.2035 1.2171000000000731
1567.9437 1.5201999999999316
1571.0173 1.2603999999998905
1585.2165 1.650000000000091
1596.9913 1.3036999999999352
1630.1948 1.6932999999999083
1654.697 1.4336000000000695
1695.7792 1.4336000000000695
1722.8355 1.6932999999999083
1782.013 1.0440000000000964
