6.8615 1.2603999999999997
18.6364 1.520199999999999
46.2121 1.260399999999997
51.4935 1.3036999999999992
68.1169 1.3902999999999963
75.303 1.087299999999999
77.1645 1.217100000000002
173.2251 1.2604000000000042
205.48 0.7599999999999909
249.9784 1.130500000000012
283.5281 1.4336000000000126
284.54 0.5699999999999932
313.0087 0.6976000000000226
348.17 0.6299999999999955
362.7489 1.303699999999992
364.1775 1.0006999999999948
394.6104 1.0439999999999827
429.0693 1.1304999999999836
470.6277 1.1738000000000284
472.7056 1.2604000000000042
481.4935 1.303699999999992
581.2338 1.2604000000000042
629.46 0.5399999999999636
653.0087 1.0873000000000275
661.5801 1.4769000000000005
685.3896 1.6067000000000462
710.89 0.6299999999999955
738.4632 1.3468000000000302
872.7922 1.1738000000000284
894.4372 1.0007000000000517
900.7143 1.0439999999999827
909.2857 1.303700000000049
920.6277 0.6110999999999649
944.8268 1.1738000000000284
952.7922 1.3903000000000247
965.7359 1.4769000000000005
991.0606 1.1738000000000284
1022.4459 1.34699999999998
1040.6277 1.4768999999998869
1058.1169 1.2171000000000731
1070.974 1.4768999999998869
1108.37 0.8699999999998909
1129.1126 1.3903000000000247
1339.07 0.7999999999999545
1371.9264 1.0872999999999138
1464.2641 1.1738000000000284
