1.11 0.74
32.7 1.0600000000000023
33.765 0.9750000000000014
50.4113 0.6544000000000025
101.71 1.1304999999999978
114.21 0.6200000000000045
168.4632 1.1738
183.52 0.8499999999999943
206.25 0.7199999999999989
281.6234 0.8707999999999743
321.2771 1.34699999999998
332.8355 1.4336000000000126
370.7143 1.4769000000000005
420.974 1.4336000000000126
477.96 0.6800000000000068
495.6494 1.4336000000000126
516.2121 1.0439999999999827
527.2944 1.3903000000000247
533.0952 1.3903000000000247
548.6797 1.0873000000000275
567.7706 1.34699999999998
584.4805 1.0873000000000275
590.39 0.5199999999999818
597.5974 1.4335999999999558
600.49 0.5499999999999545
611.7965 1.303700000000049
636.9913 1.0873000000000275
649.3723 1.303700000000049
663.5281 1.3903000000000247
665.9524 1.3903000000000247
690.91 0.5199999999999818
702.619 1.3903000000000247
704.697 1.1738000000000284
740.4978 1.34699999999998
742.3593 1.1738000000000284
764.2641 1.0007000000000517
782.6623 1.2604000000000042
806.2987 1.2170999999999594
811.2771 1.3903000000000247
819.0693 1.5202000000000453
828.95 0.5199999999999818
1254.6104 1.34699999999998
1441.5801 1.3036999999999352
1664.3939 1.2171000000000731
1683.3983 1.3036999999999352
